1.9263102
